[
  996,
  1039,
  1060,
  1066,
  1079,
  1092,
  1098,
  1101,
  1076,
  1079,
  1063,
  1013,
  1009,
  973,
  945,
  935,
  926,
  899,
  888,
  905,
  901,
  943,
  941,
  967,
  1006,
  1012,
  1041,
  1081,
  1084,
  1089,
  1090,
  1084,
  1075,
  1073,
  1046,
  1026,
  1003,
  986,
  938,
  920,
  914,
  917,
  899,
  904,
  923,
  929,
  935,
  977,
  1003,
  1032,
  1054,
  1059,
  1073,
  1106,
  1098,
  1087,
  1084,
  1064,
  1055,
  1031,
  994,
  976,
  947,
  914,
  918,
  909,
  903,
  904,
  916,
  940,
  959,
  976,
  997,
  1037,
  1053,
  1084,
  1088,
  1099,
  1097,
  1092,
  1083,
  1062,
  1050,
  1012,
  1011,
  979,
  945,
  935,
  899,
  890,
  888,
  905,
  913,
  916,
  949,
  988,
  996,
  1026,
  1045,
  1083,
  1090,
  1082,
  1105,
  1099,
  1074,
  1076,
  1061,
  1035,
  1000,
  968,
  949,
  925,
  913,
  915,
  906,
  894,
  900,
  918,
  950,
  963,
  1012,
  1014,
  1036,
  1080,
  1087,
  1108,
  1090,
  1099,
  1097,
  1057,
  1065,
  1012,
  996,
  972,
  938,
  940,
  899,
  910,
  903,
  892,
  907,
  916,
  943,
  977,
  989,
  1020,
  1050,
  1060,
  1089,
  1090,
  1087,
  1110,
  1083,
  1067,
  1058,
  1031,
  1013,
  979,
  961,
  943,
  905,
  890,
  905,
  914,
  924,
  916,
  939,
  983,
  989,
  1032,
  1061,
  1072,
  1084,
  1094,
  1114,
  1106,
  1096,
  1061,
  1041,
  1018,
  994,
  987,
  948,
  920,
  919,
  914,
  892,
  918,
  899,
  940,
  940,
  978,
  997,
  1019,
  1051,
  1081,
  1093,
  1099,
  1103,
  1100,
  1087,
  1066,
  1058,
  1025,
  997,
  962,
  962,
  942,
  919,
  899,
  888,
  900,
  902,
  916,
  944,
  969,
  992,
  1030,
  1051,
  1083,
  1078,
  1103,
  1108,
  1093,
  1097,
  1084,
  1055,
  1018,
  1001,
  980,
  958,
  936,
  910,
  894,
  910,
  910,
  905,
  927,
  965,
  982
]
